// memory data file (do not edit the following line - required for mem load use)
// instance=/SSTB/SS/mem/memData
// format=bin addressradix=h dataradix=b version=1.0 wordsperline=1 noaddress
0000001101110000
0000010000011011
0000010000100010
0000010001101111
0000010110101010
0000011001111101
0000011010110110
0000011111000010
0000011111110100
0000100011010011
0000101001001000
0000101011000111
0000110000010001
0000110011010101
0000111000010110
0000111001101000
0000111111010101
0001000100001111
0001000100011001
0001001000111000
0001001100101011
0001010010000000
0001010010111110
0001010110011100
0001011001101101
0001011010010000
0001011011110010
0001011101101000
0001011111101011
0001100000000000
0001100110101010
0001100110110010
0001110101110100
0001111101110000
0010000000110010
0010000101011101
0010001100101000
0010001100110111
0010010010101010
0010010100010000
0010010100010101
0010011111001000
0010100011100110
0010100111111100
0010101011100101
0010101101011110
0010101111100001
0010111100001010
0011000100011110
0011000101000101
0011000111111100
0011001001010000
0011001110000100
0011010001011101
0011100000000101
0011101000111010
0011110001001001
0011111110010100
0011111110100101
0011111110110100
0100000010000101
0100000010110010
0100000111011001
0100001011100101
0100010100010110
0100010111001111
0100011001100010
0100011001101100
0100100000011100
0100100101100001
0100101000110101
0100101010110110
0100101100110010
0100101111100011
0100110000111101
0100110011100101
0100111011111010
0100111101010100
0100111111101001
0101000011001110
0101000101101000
0101001110011110
0101001110011111
0101010001100000
0101010011101100
0101010101001010
0101100001000001
0101101001110110
0101101110111110
0101110100010010
0101110110101100
0101111101000111
0110000011010000
0110001000110011
0110010001001101
0110010110010100
0110011010100010
0110011100110111
0110100100100101
0110101100101010
0110110010100001
0110110100001110
0110111010111000
0110111101110100
0111000100111111
0111000110001100
0111000111010010
0111010011010111
0111010011110011
0111010100101111
0111011011100000
0111100001001000
0111100101101110
0111101000011001
0111110011010101
0111111101011100
1000000011111000
1000000110111100
1000001001001011
1000001100000111
1000001100101101
1000010101011001
1000010110101110
1000011110101011
1000011110101111
1000100001100110
1000100010000101
1000100011111001
1000100100110001
1000100101100110
1000101001010001
1000101100010100
1000110010001011
1000110101101000
1000111101000101
1000111111110110
1001000010101011
1001000101000110
1001000101011010
1001000110000011
1001001001100111
1001001001111000
1001001110100100
1001010011110010
1001010100111011
1001010101110100
1001011101110100
1001110000000100
1001110000110001
1001110001010001
1001110011110101
1001111001011111
1010000001010110
1010000100111000
1010001000010101
1010010011000101
1010011100110000
1010011110101110
1010101010010101
1010101011011010
1010101111111011
1010110010101010
1010111000111100
1010111010000111
1010111011110001
1011000100010011
1011001000100011
1011001100100010
1011010101001011
1011010110111110
1011010111111011
1011011101110111
1011011111010111
1011100101001011
1011101000101010
1011101001100011
1011101100101100
1011101101000100
1011110111010100
1011111010011001
1011111111001111
1011111111011011
1100001000000011
1100001010101001
1100001011011010
1100010101011011
1100011000110100
1100011010000000
1100011010101101
1100100110000111
1100110011011011
1100110101101101
1101000001010011
1101000011000001
1101001011110000
1101010010100001
1101010101100011
1101011000001110
1101011100110110
1101011110000010
1101100001011101
1101100001110010
1101100010001000
1101100010100111
1101100101011110
1101100110011100
1101100110100011
1101101000000100
1101101111011011
1101110001001011
1101110001100101
1101111011001010
1110000001100101
1110000101111011
1110001001010101
1110001100000101
1110001110100001
1110010000101010
1110011001110010
1110011100001111
1110011101010001
1110100011001001
1110101010001001
1110101010110000
1110101100101001
1110101110010111
1110101111001101
1110110100011110
1110110101110001
1110110110000000
1110110111001100
1110110111100110
1110111010001001
1110111111001111
1111000000000110
1111000001001000
1111001001101110
1111001100111110
1111001110100001
1111010011110101
1111010100011011
1111011000001011
1111011001011010
1111011100101001
1111011110000000
1111011110000111
1111011110010101
1111011110110110
1111100111010010
1111101000010100
1111101010001110
1111101110111111
1111101111101110
1111110011110000
1111111001110010
1111111001111011
